UNITS=MM
#
#Num Features
#
F 58

#
#Feature symbol names
#
$0 r100.0

#
#Feature attribute names
#

#
#Feature attribute text strings
#
#
#Layer features
#
L 109.840 -122.820 98.151753 -122.819957 0 P 0 
A 98.151753 -122.819957 97.360 -122.020 98.15590 -122.02410 0 P 0 Y 
L 141.937535 -113.821413 150.290 -113.820 0 P 0 
L 195.810 -55.820 194.810 -55.820 0 P 0 
L 141.090 -122.020 141.090 -114.620 0 P 0 
A 128.980 -122.820 128.180 -122.020 128.980 -122.020 0 P 0 Y 
A 110.840 -121.820 109.840 -122.820 109.840 -121.820 0 P 0 Y 
L 192.110 -52.820 192.110 -55.820 0 P 0 
L 195.810 -67.820 194.810 -67.820 0 P 0 
A 194.810 -122.020 194.018247 -122.819957 194.01410 -122.02410 0 P 0 Y 
L 194.810 -122.020 194.810 -107.820 0 P 0 
A 141.090 -114.620 141.937535 -113.821413 141.91310 -114.64450 0 P 0 Y 
A 141.090 -122.020 140.302306 -122.819905 140.29620 -122.02610 0 P 0 Y 
L 124.180 -122.020 124.180 -120.40 0 P 0 
L 195.800099 -106.820049 195.810 -67.820 0 P 0 
L 112.870 -121.820 112.870 -114.820 0 P 0 
L 112.870 -114.820 110.840 -114.820 0 P 0 
L 97.360 -50.820 98.060 -50.820 0 P 0 
L 96.360 -67.820 97.360 -67.820 0 P 0 
A 102.060 -52.820 104.060 -50.820 104.060 -52.820 0 P 0 Y 
L 194.810 -50.820 194.110 -50.820 0 P 0 
L 97.360 -67.820 97.360 -55.820 0 P 0 
A 194.810 -50.820 195.810 -51.820 194.810 -51.820 0 P 0 Y 
A 192.110 -52.820 194.110 -50.820 194.110 -52.820 0 P 0 Y 
L 96.369901 -106.820049 96.360 -67.820 0 P 0 
A 194.810 -107.820 195.800099 -106.820049 195.8050 -107.81510 0 P 0 Y 
L 190.110 -52.820 190.110 -55.820 0 P 0 
A 124.180 -122.020 123.380 -122.820 123.380 -122.020 0 P 0 Y 
A 145.113553 -51.320 145.613553 -50.820 145.61360 -51.320 0 P 0 Y 
L 123.380 -122.820 113.870 -122.820 0 P 0 
L 102.060 -52.820 102.060 -55.820 0 P 0 
L 145.113553 -51.320 145.113553 -57.220 0 P 0 
L 151.089916 -114.631593 151.090 -122.020 0 P 0 
L 104.060 -50.820 104.263553 -50.820 0 P 0 
L 96.360 -55.820 96.360 -51.820 0 P 0 
A 96.369901 -106.820049 97.360 -107.820 96.3650 -107.81510 0 P 0 Y 
L 145.613553 -50.820 188.110 -50.820 0 P 0 
L 192.110 -55.820 190.110 -55.820 0 P 0 
L 97.360 -122.020 97.360 -107.820 0 P 0 
A 150.290 -113.820 151.089916 -114.631593 150.28420 -114.62580 0 P 0 Y 
L 110.840 -121.820 110.840 -114.820 0 P 0 
L 100.060 -52.820 100.060 -55.820 0 P 0 
A 151.890 -122.820 151.090 -122.020 151.890 -122.020 0 P 0 Y 
L 128.180 -120.40 124.180 -120.40 0 P 0 
L 194.810 -67.820 194.810 -55.820 0 P 0 
A 98.060 -50.820 100.060 -52.820 98.060 -52.820 0 P 0 Y 
A 188.110 -50.820 190.110 -52.820 188.110 -52.820 0 P 0 Y 
A 96.360 -51.820 97.360 -50.820 97.360 -51.820 0 P 0 Y 
L 145.113553 -57.220 104.763553 -57.220 0 P 0 
L 194.018247 -122.819957 151.890 -122.820 0 P 0 
L 128.980 -122.820 140.302306 -122.819905 0 P 0 
A 113.870 -122.820 112.870 -121.820 113.870 -121.820 0 P 0 Y 
L 128.180 -122.020 128.180 -120.40 0 P 0 
A 104.263553 -50.820 104.763553 -51.320 104.26360 -51.320 0 P 0 Y 
L 100.060 -55.820 102.060 -55.820 0 P 0 
L 96.360 -55.820 97.360 -55.820 0 P 0 
L 104.763553 -57.220 104.763553 -51.320 0 P 0 
L 195.810 -55.820 195.810 -51.820 0 P 0 
