UNITS=MM
#
#Num Features
#
F 569

#
#Feature symbol names
#
$0 r50.0
$1 r120.0
$2 donut_rc8120.0x12120.0x120.0xr60.0
$3 donut_r2550.0x2475.0
$4 donut_r6950.0x6875.0

#
#Feature attribute names
#

#
#Feature attribute text strings
#
#
#Layer features
#
L 70.470 -89.387142 72.330 -89.387142 0 P 0 
L 70.470 -90.327142 70.470 -89.387142 0 P 0 
L 72.330 -89.387142 72.330 -90.327142 0 P 0 
L 72.330 -90.327142 70.470 -90.327142 0 P 0 
L 98.9050 -127.1550 98.9050 -142.0050 0 P 0 
L 98.9050 -142.0050 115.1550 -142.0050 0 P 0 
L 115.1550 -127.1550 98.9050 -127.1550 0 P 0 
L 115.1550 -142.0050 115.1550 -127.1550 0 P 0 
L 86.230 -63.170 87.170 -63.170 0 P 0 
L 86.230 -65.030 86.230 -63.170 0 P 0 
L 87.170 -63.170 87.170 -65.030 0 P 0 
L 87.170 -65.030 86.230 -65.030 0 P 0 
L 142.870 -60.830 144.730 -60.830 0 P 0 
L 142.870 -61.770 142.870 -60.830 0 P 0 
L 144.730 -60.830 144.730 -61.770 0 P 0 
L 144.730 -61.770 142.870 -61.770 0 P 0 
L 72.80 -73.830 75.10 -73.830 1 P 0 
L 72.80 -93.170 72.80 -73.830 1 P 0 
L 75.10 -72.250 81.90 -72.250 1 P 0 
L 75.10 -73.830 75.10 -72.250 1 P 0 
L 75.10 -93.170 72.80 -93.170 1 P 0 
L 75.10 -94.750 75.10 -93.170 1 P 0 
L 81.90 -72.250 81.90 -73.830 1 P 0 
L 81.90 -73.830 84.20 -73.830 1 P 0 
L 81.90 -93.170 81.90 -94.750 1 P 0 
L 81.90 -94.750 75.10 -94.750 1 P 0 
L 84.20 -73.830 84.20 -93.170 1 P 0 
L 84.20 -93.170 81.90 -93.170 1 P 0 
P 146.550 -111.50 2 P 0 8 0.0 
L 150.8250 -104.715714 152.6850 -104.715714 0 P 0 
L 150.8250 -105.655714 150.8250 -104.715714 0 P 0 
L 152.6850 -104.715714 152.6850 -105.655714 0 P 0 
L 152.6850 -105.655714 150.8250 -105.655714 0 P 0 
L 151.280 -70.070 152.220 -70.070 0 P 0 
L 151.280 -71.930 151.280 -70.070 0 P 0 
L 152.220 -70.070 152.220 -71.930 0 P 0 
L 152.220 -71.930 151.280 -71.930 0 P 0 
L 83.740 -121.440 84.660 -121.440 0 P 0 
L 83.740 -123.260 83.740 -121.440 0 P 0 
L 84.660 -121.440 84.660 -123.260 0 P 0 
L 84.660 -123.260 83.740 -123.260 0 P 0 
L 150.8250 -117.244284 152.6850 -117.244284 0 P 0 
L 150.8250 -118.184284 150.8250 -117.244284 0 P 0 
L 152.6850 -117.244284 152.6850 -118.184284 0 P 0 
L 152.6850 -118.184284 150.8250 -118.184284 0 P 0 
L 153.250 -103.970 153.250 -106.470 0 P 0 
L 153.250 -103.970 156.550 -103.970 0 P 0 
L 156.550 -106.470 153.250 -106.470 0 P 0 
L 156.550 -106.470 156.550 -103.970 0 P 0 
L 76.390 -109.940 78.210 -109.940 0 P 0 
L 76.390 -110.860 76.390 -109.940 0 P 0 
L 78.210 -109.940 78.210 -110.860 0 P 0 
L 78.210 -110.860 76.390 -110.860 0 P 0 
L 69.850 -101.640 69.850 -107.360 0 P 0 
L 69.850 -107.360 79.150 -107.360 0 P 0 
L 79.150 -101.640 69.850 -101.640 0 P 0 
L 79.150 -107.360 79.150 -101.640 0 P 0 
L 145.640 -75.850 145.640 -85.150 0 P 0 
L 145.640 -85.150 151.360 -85.150 0 P 0 
L 151.360 -75.850 145.640 -75.850 0 P 0 
L 151.360 -85.150 151.360 -75.850 0 P 0 
L 75.290 -114.740 77.110 -114.740 0 P 0 
L 75.290 -115.660 75.290 -114.740 0 P 0 
L 77.110 -114.740 77.110 -115.660 0 P 0 
L 77.110 -115.660 75.290 -115.660 0 P 0 
L 148.870 -86.430 150.730 -86.430 0 P 0 
L 148.870 -87.370 148.870 -86.430 0 P 0 
L 150.730 -86.430 150.730 -87.370 0 P 0 
L 150.730 -87.370 148.870 -87.370 0 P 0 
L 124.2650 -78.540 126.0850 -78.540 0 P 0 
L 124.2650 -79.460 124.2650 -78.540 0 P 0 
L 126.0850 -78.540 126.0850 -79.460 0 P 0 
L 126.0850 -79.460 124.2650 -79.460 0 P 0 
L 67.820 -104.9950 69.680 -104.9950 0 P 0 
L 67.820 -105.9350 67.820 -104.9950 0 P 0 
L 69.680 -104.9950 69.680 -105.9350 0 P 0 
L 69.680 -105.9350 67.820 -105.9350 0 P 0 
L 78.380 -109.880 78.380 -118.120 0 P 0 
L 78.380 -118.120 86.620 -118.120 0 P 0 
L 86.620 -109.880 78.380 -109.880 0 P 0 
L 86.620 -118.120 86.620 -109.880 0 P 0 
L 87.140 -107.190 88.060 -107.190 0 P 0 
L 87.140 -109.010 87.140 -107.190 0 P 0 
L 88.060 -107.190 88.060 -109.010 0 P 0 
L 88.060 -109.010 87.140 -109.010 0 P 0 
L 103.3950 -123.870 106.3550 -123.870 0 P 0 
L 103.3950 -125.330 103.3950 -123.870 0 P 0 
L 106.3550 -123.870 106.3550 -125.330 0 P 0 
L 106.3550 -125.330 103.3950 -125.330 0 P 0 
L 85.470 -106.120 86.930 -106.120 0 P 0 
L 85.470 -109.080 85.470 -106.120 0 P 0 
L 86.930 -106.120 86.930 -109.080 0 P 0 
L 86.930 -109.080 85.470 -109.080 0 P 0 
L 56.390 -103.440 56.390 -107.040 0 P 0 
L 56.390 -107.040 62.540 -107.040 0 P 0 
L 62.540 -103.440 56.390 -103.440 0 P 0 
L 62.540 -107.040 62.540 -103.440 0 P 0 
L 150.8250 -114.738570 152.6850 -114.738570 0 P 0 
L 150.8250 -115.678570 150.8250 -114.738570 0 P 0 
L 152.6850 -114.738570 152.6850 -115.678570 0 P 0 
L 152.6850 -115.678570 150.8250 -115.678570 0 P 0 
L 73.510 -66.24750 76.870 -66.24750 0 P 0 
L 73.510 -68.14750 73.510 -66.24750 0 P 0 
L 76.870 -66.24750 76.870 -68.14750 0 P 0 
L 76.870 -68.14750 73.510 -68.14750 0 P 0 
L 91.350 -129.70 91.350 -133.30 0 P 0 
L 91.350 -133.30 100.0 -133.30 0 P 0 
L 100.0 -129.70 91.350 -129.70 0 P 0 
L 100.0 -133.30 100.0 -129.70 0 P 0 
L 91.30 -53.70 91.30 -57.30 0 P 0 
L 91.30 -57.30 153.30 -57.30 0 P 0 
L 153.30 -53.70 91.30 -53.70 0 P 0 
L 153.30 -57.30 153.30 -53.70 0 P 0 
L 71.090 -53.840 72.910 -53.840 0 P 0 
L 71.090 -54.760 71.090 -53.840 0 P 0 
L 72.910 -53.840 72.910 -54.760 0 P 0 
L 72.910 -54.760 71.090 -54.760 0 P 0 
L 125.470 -124.870 128.430 -124.870 0 P 0 
L 125.470 -126.330 125.470 -124.870 0 P 0 
L 128.430 -124.870 128.430 -126.330 0 P 0 
L 128.430 -126.330 125.470 -126.330 0 P 0 
L 92.970 -57.320 94.430 -57.320 0 P 0 
L 92.970 -60.280 92.970 -57.320 0 P 0 
L 94.430 -57.320 94.430 -60.280 0 P 0 
L 94.430 -60.280 92.970 -60.280 0 P 0 
L 121.1950 -119.010 124.1550 -119.010 0 P 0 
L 121.1950 -120.470 121.1950 -119.010 0 P 0 
L 124.1550 -119.010 124.1550 -120.470 0 P 0 
L 124.1550 -120.470 121.1950 -120.470 0 P 0 
L 67.820 -103.6950 69.680 -103.6950 0 P 0 
L 67.820 -104.6350 67.820 -103.6950 0 P 0 
L 69.680 -103.6950 69.680 -104.6350 0 P 0 
L 69.680 -104.6350 67.820 -104.6350 0 P 0 
L 124.2650 -64.540 126.0850 -64.540 0 P 0 
L 124.2650 -65.460 124.2650 -64.540 0 P 0 
L 126.0850 -64.540 126.0850 -65.460 0 P 0 
L 126.0850 -65.460 124.2650 -65.460 0 P 0 
L 142.520 -68.230 142.520 -64.970 0 P 0 
L 145.280 -64.970 142.520 -64.970 0 P 0 
L 145.280 -68.230 142.520 -68.230 0 P 0 
L 145.280 -68.230 145.280 -64.970 0 P 0 
L 81.930 -119.070 82.870 -119.070 0 P 0 
L 81.930 -120.930 81.930 -119.070 0 P 0 
L 82.870 -119.070 82.870 -120.930 0 P 0 
L 82.870 -120.930 81.930 -120.930 0 P 0 
L 124.2650 -110.540 126.0850 -110.540 0 P 0 
L 124.2650 -111.460 124.2650 -110.540 0 P 0 
L 126.0850 -110.540 126.0850 -111.460 0 P 0 
L 126.0850 -111.460 124.2650 -111.460 0 P 0 
L 57.150 -79.350 57.150 -83.850 1 P 0 
L 57.150 -83.850 65.550 -83.850 1 P 0 
L 65.550 -79.350 57.150 -79.350 1 P 0 
L 65.550 -83.850 65.550 -79.350 1 P 0 
P 65.20 -56.0 3 P 0 8 0.0 
L 93.850 -122.250 93.850 -126.750 1 P 0 
L 93.850 -126.750 102.250 -126.750 1 P 0 
L 102.250 -122.250 93.850 -122.250 1 P 0 
L 102.250 -126.750 102.250 -122.250 1 P 0 
L 91.470 -57.320 92.930 -57.320 0 P 0 
L 91.470 -60.280 91.470 -57.320 0 P 0 
L 92.930 -57.320 92.930 -60.280 0 P 0 
L 92.930 -60.280 91.470 -60.280 0 P 0 
L 150.580 -62.270 151.520 -62.270 0 P 0 
L 150.580 -64.130 150.580 -62.270 0 P 0 
L 151.520 -62.270 151.520 -64.130 0 P 0 
L 151.520 -64.130 150.580 -64.130 0 P 0 
L 67.750 -109.650 67.750 -117.350 0 P 0 
L 67.750 -117.350 73.250 -117.350 0 P 0 
L 73.250 -109.650 67.750 -109.650 0 P 0 
L 73.250 -117.350 73.250 -109.650 0 P 0 
L 87.640 -110.140 89.460 -110.140 0 P 0 
L 87.640 -111.060 87.640 -110.140 0 P 0 
L 89.460 -110.140 89.460 -111.060 0 P 0 
L 89.460 -111.060 87.640 -111.060 0 P 0 
L 153.250 -111.470 153.250 -113.970 0 P 0 
L 153.250 -111.470 156.550 -111.470 0 P 0 
L 156.550 -113.970 153.250 -113.970 0 P 0 
L 156.550 -113.970 156.550 -111.470 0 P 0 
L 92.570 -69.430 94.430 -69.430 0 P 0 
L 92.570 -70.370 92.570 -69.430 0 P 0 
L 94.430 -69.430 94.430 -70.370 0 P 0 
L 94.430 -70.370 92.570 -70.370 0 P 0 
L 74.90 -55.950 74.90 -60.050 0 P 0 
L 74.90 -60.050 78.30 -60.050 0 P 0 
L 78.30 -55.950 74.90 -55.950 0 P 0 
L 78.30 -60.050 78.30 -55.950 0 P 0 
L 150.8250 -109.727142 152.6850 -109.727142 0 P 0 
L 150.8250 -110.667142 150.8250 -109.727142 0 P 0 
L 152.6850 -109.727142 152.6850 -110.667142 0 P 0 
L 152.6850 -110.667142 150.8250 -110.667142 0 P 0 
P 58.0 -126.0 3 P 0 8 0.0 
L 150.8250 -119.750 152.6850 -119.750 0 P 0 
L 150.8250 -120.690 150.8250 -119.750 0 P 0 
L 152.6850 -119.750 152.6850 -120.690 0 P 0 
L 152.6850 -120.690 150.8250 -120.690 0 P 0 
L 64.440 -87.040 65.360 -87.040 0 P 0 
L 64.440 -88.860 64.440 -87.040 0 P 0 
L 65.360 -87.040 65.360 -88.860 0 P 0 
L 65.360 -88.860 64.440 -88.860 0 P 0 
L 67.550 -57.10 67.550 -65.90 0 P 0 
L 67.550 -65.90 74.750 -65.90 0 P 0 
L 74.750 -57.10 67.550 -57.10 0 P 0 
L 74.750 -65.90 74.750 -57.10 0 P 0 
L 47.950 -62.70 47.950 -78.950 0 P 0 
L 47.950 -78.950 62.80 -78.950 0 P 0 
L 62.80 -62.70 47.950 -62.70 0 P 0 
L 62.80 -78.950 62.80 -62.70 0 P 0 
L 70.470 -79.215714 72.330 -79.215714 0 P 0 
L 70.470 -80.155714 70.470 -79.215714 0 P 0 
L 72.330 -79.215714 72.330 -80.155714 0 P 0 
L 72.330 -80.155714 70.470 -80.155714 0 P 0 
L 153.250 -113.970 153.250 -116.470 0 P 0 
L 153.250 -113.970 156.550 -113.970 0 P 0 
L 156.550 -116.470 153.250 -116.470 0 P 0 
L 156.550 -116.470 156.550 -113.970 0 P 0 
L 148.870 -87.430 150.730 -87.430 0 P 0 
L 148.870 -88.370 148.870 -87.430 0 P 0 
L 150.730 -87.430 150.730 -88.370 0 P 0 
L 150.730 -88.370 148.870 -88.370 0 P 0 
L 137.0 -129.70 137.0 -133.30 0 P 0 
L 137.0 -133.30 153.30 -133.30 0 P 0 
L 153.30 -129.70 137.0 -129.70 0 P 0 
L 153.30 -133.30 153.30 -129.70 0 P 0 
L 150.390 -85.240 152.210 -85.240 0 P 0 
L 150.390 -86.160 150.390 -85.240 0 P 0 
L 152.210 -85.240 152.210 -86.160 0 P 0 
L 152.210 -86.160 150.390 -86.160 0 P 0 
L 62.920 -86.820 64.380 -86.820 0 P 0 
L 62.920 -89.780 62.920 -86.820 0 P 0 
L 64.380 -86.820 64.380 -89.780 0 P 0 
L 64.380 -89.780 62.920 -89.780 0 P 0 
L 70.470 -76.672857 72.330 -76.672857 0 P 0 
L 70.470 -77.612857 70.470 -76.672857 0 P 0 
L 72.330 -76.672857 72.330 -77.612857 0 P 0 
L 72.330 -77.612857 70.470 -77.612857 0 P 0 
L 92.570 -65.130 94.430 -65.130 0 P 0 
L 92.570 -66.070 92.570 -65.130 0 P 0 
L 94.430 -65.130 94.430 -66.070 0 P 0 
L 94.430 -66.070 92.570 -66.070 0 P 0 
L 94.520 -60.70 94.520 -112.50 0 P 0 
L 94.520 -112.50 106.320 -112.50 0 P 0 
L 106.320 -60.70 94.520 -60.70 0 P 0 
L 106.320 -112.50 106.320 -60.70 0 P 0 
L 130.520 -60.70 130.520 -112.50 0 P 0 
L 130.520 -112.50 142.320 -112.50 0 P 0 
L 142.320 -60.70 130.520 -60.70 0 P 0 
L 142.320 -112.50 142.320 -60.70 0 P 0 
L 75.170 -60.170 78.130 -60.170 0 P 0 
L 75.170 -61.630 75.170 -60.170 0 P 0 
L 78.130 -60.170 78.130 -61.630 0 P 0 
L 78.130 -61.630 75.170 -61.630 0 P 0 
L 151.570 -62.020 153.030 -62.020 0 P 0 
L 151.570 -64.980 151.570 -62.020 0 P 0 
L 153.030 -62.020 153.030 -64.980 0 P 0 
L 153.030 -64.980 151.570 -64.980 0 P 0 
L 150.8250 -112.232856 152.6850 -112.232856 0 P 0 
L 150.8250 -113.172856 150.8250 -112.232856 0 P 0 
L 152.6850 -112.232856 152.6850 -113.172856 0 P 0 
L 152.6850 -113.172856 150.8250 -113.172856 0 P 0 
L 146.870 -86.430 148.730 -86.430 0 P 0 
L 146.870 -87.370 146.870 -86.430 0 P 0 
L 148.730 -86.430 148.730 -87.370 0 P 0 
L 148.730 -87.370 146.870 -87.370 0 P 0 
L 76.190 -61.940 78.010 -61.940 0 P 0 
L 76.190 -62.860 76.190 -61.940 0 P 0 
L 78.010 -61.940 78.010 -62.860 0 P 0 
L 78.010 -62.860 76.190 -62.860 0 P 0 
L 148.870 -73.430 150.730 -73.430 0 P 0 
L 148.870 -74.370 148.870 -73.430 0 P 0 
L 150.730 -73.430 150.730 -74.370 0 P 0 
L 150.730 -74.370 148.870 -74.370 0 P 0 
L 81.840 -107.040 82.760 -107.040 0 P 0 
L 81.840 -108.860 81.840 -107.040 0 P 0 
L 82.760 -107.040 82.760 -108.860 0 P 0 
L 82.760 -108.860 81.840 -108.860 0 P 0 
L 153.250 -108.970 153.250 -111.470 0 P 0 
L 153.250 -108.970 156.550 -108.970 0 P 0 
L 156.550 -111.470 153.250 -111.470 0 P 0 
L 156.550 -111.470 156.550 -108.970 0 P 0 
L 125.690 -123.840 127.510 -123.840 0 P 0 
L 125.690 -124.760 125.690 -123.840 0 P 0 
L 127.510 -123.840 127.510 -124.760 0 P 0 
L 127.510 -124.760 125.690 -124.760 0 P 0 
L 146.870 -87.430 148.730 -87.430 0 P 0 
L 146.870 -88.370 146.870 -87.430 0 P 0 
L 148.730 -87.430 148.730 -88.370 0 P 0 
L 148.730 -88.370 146.870 -88.370 0 P 0 
L 62.970 -109.920 64.430 -109.920 0 P 0 
L 62.970 -112.880 62.970 -109.920 0 P 0 
L 64.430 -109.920 64.430 -112.880 0 P 0 
L 64.430 -112.880 62.970 -112.880 0 P 0 
L 121.7650 -127.1550 121.7650 -142.0050 0 P 0 
L 121.7650 -142.0050 138.0150 -142.0050 0 P 0 
L 138.0150 -127.1550 121.7650 -127.1550 0 P 0 
L 138.0150 -142.0050 138.0150 -127.1550 0 P 0 
L 147.470 -62.020 148.930 -62.020 0 P 0 
L 147.470 -64.980 147.470 -62.020 0 P 0 
L 148.930 -62.020 148.930 -64.980 0 P 0 
L 148.930 -64.980 147.470 -64.980 0 P 0 
L 63.070 -84.530 64.930 -84.530 0 P 0 
L 63.070 -85.470 63.070 -84.530 0 P 0 
L 64.930 -84.530 64.930 -85.470 0 P 0 
L 64.930 -85.470 63.070 -85.470 0 P 0 
L 79.470 -104.580 81.330 -104.580 0 P 0 
L 79.470 -105.520 79.470 -104.580 0 P 0 
L 81.330 -104.580 81.330 -105.520 0 P 0 
L 81.330 -105.520 79.470 -105.520 0 P 0 
L 66.530 -110.270 67.470 -110.270 0 P 0 
L 66.530 -112.130 66.530 -110.270 0 P 0 
L 67.470 -110.270 67.470 -112.130 0 P 0 
L 67.470 -112.130 66.530 -112.130 0 P 0 
L 70.750 -54.980 74.150 -54.980 0 P 0 
L 70.750 -56.940 70.750 -54.980 0 P 0 
L 74.150 -54.980 74.150 -56.940 0 P 0 
L 74.150 -56.940 70.750 -56.940 0 P 0 
L 156.570 -62.020 158.030 -62.020 0 P 0 
L 156.570 -64.980 156.570 -62.020 0 P 0 
L 158.030 -62.020 158.030 -64.980 0 P 0 
L 158.030 -64.980 156.570 -64.980 0 P 0 
L 92.570 -70.730 94.430 -70.730 0 P 0 
L 92.570 -71.670 92.570 -70.730 0 P 0 
L 94.430 -70.730 94.430 -71.670 0 P 0 
L 94.430 -71.670 92.570 -71.670 0 P 0 
P 141.80 -63.50 3 P 0 8 0.0 
L 147.520 -70.270 150.480 -70.270 0 P 0 
L 147.520 -71.730 147.520 -70.270 0 P 0 
L 150.480 -70.270 150.480 -71.730 0 P 0 
L 150.480 -71.730 147.520 -71.730 0 P 0 
L 79.470 -106.330 81.330 -106.330 0 P 0 
L 79.470 -107.270 79.470 -106.330 0 P 0 
L 81.330 -106.330 81.330 -107.270 0 P 0 
L 81.330 -107.270 79.470 -107.270 0 P 0 
L 70.470 -84.301428 72.330 -84.301428 0 P 0 
L 70.470 -85.241428 70.470 -84.301428 0 P 0 
L 72.330 -84.301428 72.330 -85.241428 0 P 0 
L 72.330 -85.241428 70.470 -85.241428 0 P 0 
P 60.250 -130.750 4 P 0 8 0.0 
L 83.240 -118.840 85.060 -118.840 0 P 0 
L 83.240 -119.760 83.240 -118.840 0 P 0 
L 85.060 -118.840 85.060 -119.760 0 P 0 
L 85.060 -119.760 83.240 -119.760 0 P 0 
L 99.770 -119.120 101.230 -119.120 0 P 0 
L 99.770 -122.080 99.770 -119.120 0 P 0 
L 101.230 -119.120 101.230 -122.080 0 P 0 
L 101.230 -122.080 99.770 -122.080 0 P 0 
L 77.140 -100.640 78.960 -100.640 0 P 0 
L 77.140 -101.560 77.140 -100.640 0 P 0 
L 78.960 -100.640 78.960 -101.560 0 P 0 
L 78.960 -101.560 77.140 -101.560 0 P 0 
L 62.630 -105.170 63.570 -105.170 0 P 0 
L 62.630 -107.030 62.630 -105.170 0 P 0 
L 63.570 -105.170 63.570 -107.030 0 P 0 
L 63.570 -107.030 62.630 -107.030 0 P 0 
L 62.970 -63.920 64.430 -63.920 0 P 0 
L 62.970 -66.880 62.970 -63.920 0 P 0 
L 64.430 -63.920 64.430 -66.880 0 P 0 
L 64.430 -66.880 62.970 -66.880 0 P 0 
L 57.170 -84.530 59.030 -84.530 0 P 0 
L 57.170 -85.470 57.170 -84.530 0 P 0 
L 59.030 -84.530 59.030 -85.470 0 P 0 
L 59.030 -85.470 57.170 -85.470 0 P 0 
L 124.2650 -102.50 126.0850 -102.50 0 P 0 
L 124.2650 -103.420 124.2650 -102.50 0 P 0 
L 126.0850 -102.50 126.0850 -103.420 0 P 0 
L 126.0850 -103.420 124.2650 -103.420 0 P 0 
L 150.8250 -102.210 152.6850 -102.210 0 P 0 
L 150.8250 -103.150 150.8250 -102.210 0 P 0 
L 152.6850 -102.210 152.6850 -103.150 0 P 0 
L 152.6850 -103.150 150.8250 -103.150 0 P 0 
L 73.060 -126.9450 73.980 -126.9450 0 P 0 
L 73.060 -128.7650 73.060 -126.9450 0 P 0 
L 73.980 -126.9450 73.980 -128.7650 0 P 0 
L 73.980 -128.7650 73.060 -128.7650 0 P 0 
L 150.8250 -107.221428 152.6850 -107.221428 0 P 0 
L 150.8250 -108.161428 150.8250 -107.221428 0 P 0 
L 152.6850 -107.221428 152.6850 -108.161428 0 P 0 
L 152.6850 -108.161428 150.8250 -108.161428 0 P 0 
L 153.250 -106.470 153.250 -108.970 0 P 0 
L 153.250 -106.470 156.550 -106.470 0 P 0 
L 156.550 -108.970 153.250 -108.970 0 P 0 
L 156.550 -108.970 156.550 -106.470 0 P 0 
L 70.470 -86.844285 72.330 -86.844285 0 P 0 
L 70.470 -87.784285 70.470 -86.844285 0 P 0 
L 72.330 -86.844285 72.330 -87.784285 0 P 0 
L 72.330 -87.784285 70.470 -87.784285 0 P 0 
L 114.1950 -129.70 114.1950 -133.30 0 P 0 
L 114.1950 -133.30 122.8450 -133.30 0 P 0 
L 122.8450 -129.70 114.1950 -129.70 0 P 0 
L 122.8450 -133.30 122.8450 -129.70 0 P 0 
L 153.250 -118.970 153.250 -121.470 0 P 0 
L 153.250 -118.970 156.550 -118.970 0 P 0 
L 156.550 -121.470 153.250 -121.470 0 P 0 
L 156.550 -121.470 156.550 -118.970 0 P 0 
L 142.870 -61.820 144.330 -61.820 0 P 0 
L 142.870 -64.780 142.870 -61.820 0 P 0 
L 144.330 -61.820 144.330 -64.780 0 P 0 
L 144.330 -64.780 142.870 -64.780 0 P 0 
L 119.090 -119.140 120.910 -119.140 0 P 0 
L 119.090 -120.060 119.090 -119.140 0 P 0 
L 120.910 -119.140 120.910 -120.060 0 P 0 
L 120.910 -120.060 119.090 -120.060 0 P 0 
L 47.950 -108.420 47.950 -124.670 0 P 0 
L 47.950 -124.670 62.80 -124.670 0 P 0 
L 62.80 -108.420 47.950 -108.420 0 P 0 
L 62.80 -124.670 62.80 -108.420 0 P 0 
L 124.2650 -107.540 126.0850 -107.540 0 P 0 
L 124.2650 -108.460 124.2650 -107.540 0 P 0 
L 126.0850 -107.540 126.0850 -108.460 0 P 0 
L 126.0850 -108.460 124.2650 -108.460 0 P 0 
L 95.280 -119.53250 96.220 -119.53250 0 P 0 
L 95.280 -121.39250 95.280 -119.53250 0 P 0 
L 96.220 -119.53250 96.220 -121.39250 0 P 0 
L 96.220 -121.39250 95.280 -121.39250 0 P 0 
L 116.350 -122.250 116.350 -126.750 1 P 0 
L 116.350 -126.750 124.750 -126.750 1 P 0 
L 124.750 -122.250 116.350 -122.250 1 P 0 
L 124.750 -126.750 124.750 -122.250 1 P 0 
L 88.190 -114.840 90.010 -114.840 0 P 0 
L 88.190 -115.760 88.190 -114.840 0 P 0 
L 90.010 -114.840 90.010 -115.760 0 P 0 
L 90.010 -115.760 88.190 -115.760 0 P 0 
L 115.370 -108.150 115.370 -115.050 0 P 0 
L 115.370 -115.050 121.470 -115.050 0 P 0 
L 121.470 -108.150 115.370 -108.150 0 P 0 
L 121.470 -115.050 121.470 -108.150 0 P 0 
L 97.070 -120.780 98.930 -120.780 0 P 0 
L 97.070 -121.720 97.070 -120.780 0 P 0 
L 98.930 -120.780 98.930 -121.720 0 P 0 
L 98.930 -121.720 97.070 -121.720 0 P 0 
P 157.250 -57.250 4 P 0 8 0.0 
L 117.130 -120.170 118.070 -120.170 0 P 0 
L 117.130 -122.030 117.130 -120.170 0 P 0 
L 118.070 -120.170 118.070 -122.030 0 P 0 
L 118.070 -122.030 117.130 -122.030 0 P 0 
L 142.790 -68.240 144.610 -68.240 0 P 0 
L 142.790 -69.160 142.790 -68.240 0 P 0 
L 144.610 -68.240 144.610 -69.160 0 P 0 
L 144.610 -69.160 142.790 -69.160 0 P 0 
L 76.0450 -127.1550 76.0450 -142.0050 0 P 0 
L 76.0450 -142.0050 92.2950 -142.0050 0 P 0 
L 92.2950 -127.1550 76.0450 -127.1550 0 P 0 
L 92.2950 -142.0050 92.2950 -127.1550 0 P 0 
L 149.020 -57.730 151.980 -57.730 0 P 0 
L 149.020 -59.190 149.020 -57.730 0 P 0 
L 151.980 -57.730 151.980 -59.190 0 P 0 
L 151.980 -59.190 149.020 -59.190 0 P 0 
P 157.250 -130.750 4 P 0 8 0.0 
L 74.170 -126.120 75.630 -126.120 0 P 0 
L 74.170 -129.080 74.170 -126.120 0 P 0 
L 75.630 -126.120 75.630 -129.080 0 P 0 
L 75.630 -129.080 74.170 -129.080 0 P 0 
L 117.170 -119.130 119.030 -119.130 0 P 0 
L 117.170 -120.070 117.170 -119.130 0 P 0 
L 119.030 -119.130 119.030 -120.070 0 P 0 
L 119.030 -120.070 117.170 -120.070 0 P 0 
L 149.020 -59.270 151.980 -59.270 0 P 0 
L 149.020 -60.730 149.020 -59.270 0 P 0 
L 151.980 -59.270 151.980 -60.730 0 P 0 
L 151.980 -60.730 149.020 -60.730 0 P 0 
L 153.250 -116.470 153.250 -118.970 0 P 0 
L 153.250 -116.470 156.550 -116.470 0 P 0 
L 156.550 -118.970 153.250 -118.970 0 P 0 
L 156.550 -118.970 156.550 -116.470 0 P 0 
P 60.250 -57.250 4 P 0 8 0.0 
L 82.990 -119.790 84.810 -119.790 0 P 0 
L 82.990 -120.710 82.990 -119.790 0 P 0 
L 84.810 -119.790 84.810 -120.710 0 P 0 
L 84.810 -120.710 82.990 -120.710 0 P 0 
L 83.970 -106.0950 85.430 -106.0950 0 P 0 
L 83.970 -109.0550 83.970 -106.0950 0 P 0 
L 85.430 -106.0950 85.430 -109.0550 0 P 0 
L 85.430 -109.0550 83.970 -109.0550 0 P 0 
L 124.2650 -62.040 126.0850 -62.040 0 P 0 
L 124.2650 -62.960 124.2650 -62.040 0 P 0 
L 126.0850 -62.040 126.0850 -62.960 0 P 0 
L 126.0850 -62.960 124.2650 -62.960 0 P 0 
L 153.250 -101.470 153.250 -103.970 0 P 0 
L 153.250 -101.470 156.550 -101.470 0 P 0 
L 156.550 -103.970 153.250 -103.970 0 P 0 
L 156.550 -103.970 156.550 -101.470 0 P 0 
L 82.930 -62.370 83.870 -62.370 0 P 0 
L 82.930 -64.230 82.930 -62.370 0 P 0 
L 83.870 -62.370 83.870 -64.230 0 P 0 
L 83.870 -64.230 82.930 -64.230 0 P 0 
L 155.530 -62.270 156.470 -62.270 0 P 0 
L 155.530 -64.130 155.530 -62.270 0 P 0 
L 156.470 -62.270 156.470 -64.130 0 P 0 
L 156.470 -64.130 155.530 -64.130 0 P 0 
L 79.420 -102.980 81.280 -102.980 0 P 0 
L 79.420 -103.920 79.420 -102.980 0 P 0 
L 81.280 -102.980 81.280 -103.920 0 P 0 
L 81.280 -103.920 79.420 -103.920 0 P 0 
L 64.740 -110.190 65.660 -110.190 0 P 0 
L 64.740 -112.010 64.740 -110.190 0 P 0 
L 65.660 -110.190 65.660 -112.010 0 P 0 
L 65.660 -112.010 64.740 -112.010 0 P 0 
P 159.50 -62.0 3 P 0 8 0.0 
L 78.380 -53.150 78.380 -61.450 0 P 0 
L 91.120 -53.150 78.380 -53.150 0 P 0 
L 91.120 -53.150 91.120 -61.450 0 P 0 
L 91.120 -61.450 78.380 -61.450 0 P 0 
L 47.950 -85.560 47.950 -101.810 0 P 0 
L 47.950 -101.810 62.80 -101.810 0 P 0 
L 62.80 -85.560 47.950 -85.560 0 P 0 
L 62.80 -101.810 62.80 -85.560 0 P 0 
L 70.040 -66.230 73.440 -66.230 0 P 0 
L 70.040 -68.190 70.040 -66.230 0 P 0 
L 73.440 -66.230 73.440 -68.190 0 P 0 
L 73.440 -68.190 70.040 -68.190 0 P 0 
L 70.470 -81.758571 72.330 -81.758571 0 P 0 
L 70.470 -82.698571 70.470 -81.758571 0 P 0 
L 72.330 -81.758571 72.330 -82.698571 0 P 0 
L 72.330 -82.698571 70.470 -82.698571 0 P 0 
L 74.650 -53.820 78.050 -53.820 0 P 0 
L 74.650 -55.780 74.650 -53.820 0 P 0 
L 78.050 -53.820 78.050 -55.780 0 P 0 
L 78.050 -55.780 74.650 -55.780 0 P 0 
L 96.520 -119.020 99.480 -119.020 0 P 0 
L 96.520 -120.480 96.520 -119.020 0 P 0 
L 99.480 -119.020 99.480 -120.480 0 P 0 
L 99.480 -120.480 96.520 -120.480 0 P 0 
L 124.2650 -105.040 126.0850 -105.040 0 P 0 
L 124.2650 -105.960 124.2650 -105.040 0 P 0 
L 126.0850 -105.040 126.0850 -105.960 0 P 0 
L 126.0850 -105.960 124.2650 -105.960 0 P 0 
L 70.470 -91.930 72.330 -91.930 0 P 0 
L 70.470 -92.870 70.470 -91.930 0 P 0 
L 72.330 -91.930 72.330 -92.870 0 P 0 
L 72.330 -92.870 70.470 -92.870 0 P 0 
L 78.440 -122.240 79.360 -122.240 0 P 0 
L 78.440 -124.060 78.440 -122.240 0 P 0 
L 79.360 -122.240 79.360 -124.060 0 P 0 
L 79.360 -124.060 78.440 -124.060 0 P 0 
L 65.910 -129.70 65.910 -133.30 0 P 0 
L 65.910 -133.30 77.110 -133.30 0 P 0 
L 77.110 -129.70 65.910 -129.70 0 P 0 
L 77.110 -133.30 77.110 -129.70 0 P 0 
L 103.6650 -122.940 105.4850 -122.940 0 P 0 
L 103.6650 -123.860 103.6650 -122.940 0 P 0 
L 105.4850 -122.940 105.4850 -123.860 0 P 0 
L 105.4850 -123.860 103.6650 -123.860 0 P 0 
L 67.190 -108.640 69.010 -108.640 0 P 0 
L 67.190 -109.560 67.190 -108.640 0 P 0 
L 69.010 -108.640 69.010 -109.560 0 P 0 
L 69.010 -109.560 67.190 -109.560 0 P 0 
L 64.540 -64.190 65.460 -64.190 0 P 0 
L 64.540 -66.010 64.540 -64.190 0 P 0 
L 65.460 -64.190 65.460 -66.010 0 P 0 
L 65.460 -66.010 64.540 -66.010 0 P 0 
L 79.40 -121.050 79.40 -124.450 0 P 0 
L 79.40 -124.450 83.60 -124.450 0 P 0 
L 83.60 -121.050 79.40 -121.050 0 P 0 
L 83.60 -124.450 83.60 -121.050 0 P 0 
L 146.430 -62.270 147.370 -62.270 0 P 0 
L 146.430 -64.130 146.430 -62.270 0 P 0 
L 147.370 -62.270 147.370 -64.130 0 P 0 
L 147.370 -64.130 146.430 -64.130 0 P 0 
L 121.1950 -120.510 124.1550 -120.510 0 P 0 
L 121.1950 -121.970 121.1950 -120.510 0 P 0 
L 124.1550 -120.510 124.1550 -121.970 0 P 0 
L 124.1550 -121.970 121.1950 -121.970 0 P 0 
L 148.870 -74.530 150.730 -74.530 0 P 0 
L 148.870 -75.470 148.870 -74.530 0 P 0 
L 150.730 -74.530 150.730 -75.470 0 P 0 
L 150.730 -75.470 148.870 -75.470 0 P 0 
L 70.470 -74.130 72.330 -74.130 0 P 0 
L 70.470 -75.070 70.470 -74.130 0 P 0 
L 72.330 -74.130 72.330 -75.070 0 P 0 
L 72.330 -75.070 70.470 -75.070 0 P 0 
